Temps,Tension,Vitesse,GazFrein,WHCharged,WHDischarged,Distance,CurrentIn,MotorCurrent,Lat,Lon,Alt,Vsat,Cap,Sat,HDOP,Heure,Date,Distance_GPS
2342.62,24.8,16.51,0.0,13.54,15.03,1.22,0.0,0.0,48.849388,2.213833,116.91,13.5,68.74,34,0.47,19472700,220725,11366.6721117078
2343.18,24.7,16.77,0.0,13.54,15.03,1.22,0.0,0.0,48.849388,2.213833,116.91,14.82,67.08,34,0.47,19472700,220725,11366.6721117078
2343.75,24.7,18.6,0.0,13.54,15.03,1.22,0.0,0.0,48.849407,2.213888,116.69,14.82,67.08,33,0.47,19472800,220725,11371.217356389994
2344.63,24.7,20.96,0.0,13.54,15.03,1.22,0.0,0.0,48.849422,2.213951,116.42,14.82,67.08,32,0.49,19472900,220725,11376.119583209806
2345.66,24.7,23.14,0.0,13.54,15.03,1.22,0.0,0.0,48.849442,2.21402,116.16,14.82,67.08,31,0.5,19473000,220725,11381.636457228058
2346.57,24.7,24.75,0.0,13.54,15.03,1.22,0.0,0.0,48.849464,2.214096,115.99,14.82,67.08,32,0.49,19473100,220725,11387.711713463457
2347.62,25.7,26.21,-55.0,13.55,15.03,1.22,-11.89,-16.28,48.849487,2.214178,115.44,14.82,67.08,31,0.5,19473200,220725,11394.234032375267
2348.18,25.9,26.24,-54.0,13.6,15.03,1.22,-11.29,-15.71,48.849487,2.214178,115.44,24.46,69.44,31,0.5,19473200,220725,11394.234032375267
2348.75,25.9,26.2,-49.0,13.64,15.03,1.22,-10.22,-14.04,48.84951,2.214265,115.24,24.46,69.44,31,0.5,19473300,220725,11401.094403348841
2349.64,26.2,26.11,-45.0,13.7,15.03,1.22,-9.57,-13.06,48.849533,2.214354,115.17,24.46,69.44,31,0.5,19473400,220725,11408.090776529141
2350.69,26.4,26.06,-47.0,13.78,15.03,1.22,-9.97,-13.85,48.849556,2.214444,115.28,24.46,69.44,31,0.5,19473500,220725,11415.155304266533
2351.62,26.7,26.2,-50.0,13.85,15.03,1.22,-9.73,-13.7,48.849575,2.214538,114.91,24.46,69.44,32,0.51,19473600,220725,11422.350497135652
2352.18,27.0,26.44,-45.0,13.89,15.03,1.22,-9.71,-13.37,48.849575,2.214538,114.91,25.19,67.67,32,0.51,19473600,220725,11422.350497135652
2352.74,27.2,26.11,-63.0,13.94,15.03,1.22,-12.22,-19.21,48.849598,2.21463,114.77,25.19,67.67,32,0.5,19473700,220725,11429.551629447473
2353.65,27.5,25.85,-63.0,14.01,15.03,1.22,-10.94,-16.88,48.849617,2.214717,114.76,25.19,67.67,31,0.51,19473800,220725,11436.258887388885
2354.22,27.8,25.64,-69.0,14.06,15.03,1.22,-11.65,-19.16,48.849617,2.214717,114.76,24.3,67.58,31,0.51,19473800,220725,11436.258887388885
2354.78,27.9,25.29,-71.0,14.1,15.03,1.22,-11.38,-19.23,48.84964,2.214802,114.29,24.3,67.58,31,0.52,19473900,220725,11442.983672426648
2355.71,28.3,24.17,-71.0,14.18,15.03,1.23,-10.53,-19.26,48.849663,2.214885,113.86,24.3,67.58,30,0.53,19474000,220725,11449.573345069834
2356.64,28.5,23.66,-62.0,14.26,15.03,1.23,-9.86,-18.33,48.849686,2.214962,113.63,24.3,67.58,30,0.53,19474100,220725,11455.760752100132
2357.54,28.8,23.01,-69.0,14.33,15.03,1.23,-9.16,-17.53,48.849705,2.215037,113.82,24.3,67.58,31,0.52,19474200,220725,11461.64115939263
2358.68,28.8,20.94,-24.0,14.4,15.03,1.23,-4.05,-7.13,48.849724,2.215114,113.62,24.3,67.58,31,0.5,19474300,220725,11467.658363949162
2359.55,28.9,23.29,-25.0,14.43,15.03,1.23,-4.59,-7.26,48.849739,2.215189,113.44,24.3,67.58,30,0.53,19474400,220725,11473.394006914581
2360.66,29.2,25.92,-24.0,14.47,15.03,1.23,-6.85,-9.84,48.849758,2.215269,113.34,24.3,67.58,31,0.5,19474500,220725,11479.617220549346
2361.59,29.3,26.24,-45.0,14.51,15.03,1.23,-5.59,-8.02,48.849781,2.215352,112.96,24.3,67.58,30,0.53,19474600,220725,11486.206880002348
2362.15,29.7,26.51,-51.0,14.55,15.03,1.23,-8.84,-13.69,48.849781,2.215352,112.96,24.67,67.74,30,0.53,19474600,220725,11486.206880002348
2362.71,29.7,26.69,-20.0,14.59,15.03,1.23,-6.21,-8.83,48.849804,2.215439,112.26,24.67,67.74,31,0.52,19474700,220725,11493.067216292071
2363.56,30.2,27.27,-83.0,14.64,15.03,1.23,-12.3,-21.21,48.849823,2.215528,111.48,24.67,67.74,31,0.52,19474800,220725,11499.91349547782
2364.69,30.5,27.02,-59.0,14.75,15.03,1.23,-10.08,-16.52,48.849846,2.215617,110.38,24.67,67.74,31,0.52,19474900,220725,11506.909830767054
2365.64,30.8,27.41,-52.0,14.82,15.03,1.23,-9.59,-15.25,48.849869,2.215704,109.12,24.67,67.74,31,0.52,19475000,220725,11513.770159388918
2366.71,31.2,27.75,-73.0,14.91,15.03,1.23,-9.77,-15.6,48.849895,2.215794,108.48,24.67,67.74,32,0.49,19475100,220725,11520.962135567608
2367.66,31.7,27.54,-81.0,15.01,15.03,1.23,-11.96,-21.81,48.849918,2.215882,107.59,24.67,67.74,30,0.56,19475200,220725,11527.890407621373
2368.57,31.9,26.93,-62.0,15.09,15.03,1.23,-10.22,-18.01,48.849945,2.21597,106.3,24.67,67.74,30,0.56,19475300,220725,11534.99489737008
2369.54,32.3,26.69,-69.0,15.19,15.03,1.23,-10.23,-18.61,48.849968,2.216056,105.62,24.67,67.74,29,0.56,19475400,220725,11541.78737364458
2370.65,32.8,26.98,-90.0,15.3,15.03,1.24,-12.14,-25.01,48.849995,2.216141,105.23,24.67,67.74,30,0.56,19475500,220725,11548.693533991278
2371.64,33.1,26.45,-89.0,15.4,15.03,1.24,-11.58,-24.94,48.850018,2.216227,104.28,24.67,67.74,30,0.53,19475600,220725,11555.486004444445
2372.59,33.5,25.96,-90.0,15.51,15.03,1.24,-11.27,-24.97,48.85004,2.216312,103.54,24.67,67.74,30,0.53,19475700,220725,11562.169246245594
2373.7,33.9,25.46,-90.0,15.62,15.03,1.24,-10.79,-24.87,48.850063,2.216401,102.85,24.67,67.74,31,0.52,19475800,220725,11569.165555265214
2374.67,34.2,25.29,-90.0,15.72,15.03,1.24,-10.6,-24.96,48.85009,2.216485,101.79,24.67,67.74,31,0.51,19475900,220725,11576.005884865825
2375.6,34.4,23.29,-90.0,15.81,15.03,1.24,-9.48,-24.94,48.850113,2.216564,101.47,24.67,67.74,33,0.49,19480000,220725,11582.326790914918
2376.71,34.6,19.25,-90.0,15.89,15.03,1.24,-7.46,-25.05,48.850132,2.216635,101.09,24.67,67.74,33,0.49,19480100,220725,11587.93500395216
2377.66,34.7,17.35,-90.0,15.95,15.03,1.24,-6.09,-25.02,48.850151,2.216698,100.94,24.67,67.74,33,0.49,19480200,220725,11593.005778756686
2378.61,34.8,15.2,-90.0,16.0,15.03,1.24,-4.78,-25.01,48.850163,2.216755,100.87,24.67,67.74,32,0.5,19480300,220725,11597.384700221044
2379.54,34.6,15.9,0.0,16.01,15.03,1.24,0.0,0.0,48.850166,2.21681,100.16,24.67,67.74,32,0.5,19480400,220725,11601.42283287419
2380.1,34.6,17.98,0.0,16.01,15.03,1.24,0.0,0.0,48.850166,2.21681,100.16,14.43,81.12,32,0.5,19480400,220725,11601.42283287419
2380.66,34.6,19.62,0.0,16.01,15.03,1.24,0.0,0.0,48.850182,2.216862,100.16,14.43,81.12,34,0.47,19480500,220725,11605.623062144205
2381.23,34.5,20.82,0.0,16.01,15.03,1.24,0.0,0.0,48.850182,2.216862,100.16,16.52,60.12,34,0.47,19480500,220725,11605.623062144205
2381.79,34.6,22.14,-14.0,16.02,15.03,1.24,-2.43,-4.63,48.85022,2.21691,100.68,16.52,60.12,34,0.47,19480600,220725,11611.117531806636
2382.62,35.3,22.41,-83.0,16.07,15.03,1.24,-8.6,-23.73,48.850262,2.216949,100.4,16.52,60.12,33,0.48,19480700,220725,11616.590533406514
2383.18,35.3,21.9,-82.0,16.12,15.03,1.24,-8.17,-22.25,48.850262,2.216949,100.4,21.08,25.73,33,0.48,19480700,220725,11616.590533406514
2383.75,35.5,21.7,-85.0,16.16,15.03,1.24,-7.94,-22.01,48.850311,2.216976,99.99,21.08,25.73,31,0.49,19480800,220725,11622.386187946908
2384.67,35.6,19.23,-79.0,16.23,15.03,1.24,-6.74,-21.91,48.850361,2.216992,99.84,21.08,25.73,32,0.48,19480900,220725,11628.067855129404
2385.62,35.9,20.59,-90.0,16.3,15.03,1.24,-7.68,-25.03,48.85041,2.217001,99.77,21.08,25.73,33,0.48,19481000,220725,11633.556057581925
2386.57,36.1,19.92,-90.0,16.37,15.03,1.25,-7.21,-25.03,48.85046,2.217011,100.25,21.08,25.73,33,0.48,19481100,220725,11639.163744558044
2387.56,36.3,19.37,-90.0,16.44,15.03,1.25,-6.81,-24.98,48.85051,2.217024,100.61,21.08,25.73,33,0.48,19481200,220725,11644.804272850886
2388.65,36.5,18.13,-90.0,16.51,15.03,1.25,-6.2,-25.08,48.850552,2.217036,100.04,21.08,25.73,34,0.47,19481300,220725,11649.556280991637
2389.62,36.4,17.39,-7.0,16.56,15.03,1.25,-1.85,-5.02,48.85059,2.21705,100.01,21.08,25.73,33,0.48,19481400,220725,11653.904084266993
2390.19,36.5,18.51,-11.0,16.57,15.03,1.25,-3.05,-7.83,48.85059,2.21705,100.01,16.32,18.04,33,0.48,19481400,220725,11653.904084266993
2390.75,36.3,19.23,0.0,16.57,15.03,1.25,0.0,0.0,48.850624,2.217081,99.38,16.32,18.04,33,0.48,19481500,220725,11658.312944948171
2391.61,36.3,20.66,0.0,16.57,15.03,1.25,0.0,0.0,48.850647,2.217138,98.57,16.32,18.04,31,0.51,19481600,220725,11663.205273712103
2392.18,36.8,19.9,-90.0,16.6,15.03,1.25,-7.03,-25.01,48.850647,2.217138,98.57,18.28,70.01,31,0.51,19481600,220725,11663.205273712103
2392.74,36.9,19.14,-90.0,16.64,15.03,1.25,-6.69,-25.03,48.850655,2.217208,97.86,18.28,70.01,32,0.48,19481700,220725,11668.403774690367
2393.63,37.0,17.21,-90.0,16.69,15.03,1.25,-5.61,-25.02,48.850655,2.217276,97.15,18.28,70.01,33,0.47,19481800,220725,11673.37926192326
2394.19,37.1,15.62,-90.0,16.72,15.03,1.25,-4.68,-24.98,48.850655,2.217276,97.15,17.0,85.42,33,0.47,19481800,220725,11673.37926192326
2394.76,37.1,14.17,-90.0,16.75,15.03,1.25,-3.94,-25.06,48.850658,2.217335,96.47,17.0,85.42,32,0.49,19481900,220725,11677.709098016237
2395.59,37.1,11.63,-90.0,16.78,15.03,1.25,-2.57,-24.97,48.850658,2.217385,96.04,17.0,85.42,32,0.49,19482000,220725,11681.367544291812
2396.68,37.1,9.01,-90.0,16.8,15.03,1.25,-1.22,-25.02,48.850662,2.217423,95.37,17.0,85.42,33,0.47,19482100,220725,11684.183314013784
2397.61,37.0,7.99,0.0,16.8,15.03,1.25,-0.79,-5.04,48.850662,2.217454,94.82,17.0,85.42,33,0.47,19482200,220725,11686.451550523436
2398.17,37.0,8.81,0.0,16.8,15.03,1.25,0.0,0.0,48.850662,2.217454,94.82,7.45,96.67,33,0.47,19482200,220725,11686.451550523436
2398.73,37.0,9.48,0.0,16.8,15.03,1.25,0.0,0.0,48.850662,2.217482,94.4,7.45,96.67,31,0.5,19482300,220725,11688.500280274066
2399.62,37.0,11.48,0.0,16.8,15.03,1.25,0.0,0.0,48.850662,2.217517,94.3,7.45,96.67,31,0.5,19482400,220725,11691.061192462375
2400.18,37.0,12.25,0.0,16.8,15.03,1.25,0.0,0.0,48.850662,2.217517,94.3,9.45,78.39,31,0.5,19482400,220725,11691.061192462375
2400.75,37.0,13.3,0.0,16.8,15.03,1.25,0.0,0.0,48.850674,2.217552,93.96,9.45,78.39,32,0.48,19482500,220725,11693.948878482659
2401.59,37.0,14.05,0.0,16.8,15.03,1.25,0.0,0.0,48.850697,2.217576,93.12,9.45,78.39,30,0.5,19482600,220725,11697.051207269544
2402.58,37.3,14.81,-77.0,16.83,15.03,1.25,-4.22,-21.45,48.850727,2.217582,92.61,9.45,78.39,31,0.5,19482700,220725,11700.415819138309
2403.74,37.5,17.83,-58.0,16.88,15.03,1.25,-4.99,-16.12,48.850761,2.217576,92.03,9.45,78.39,32,0.48,19482800,220725,11704.221850743128
2404.64,37.7,18.86,-75.0,16.93,15.03,1.25,-5.31,-16.69,48.8508,2.217561,91.54,9.45,78.39,31,0.49,19482900,220725,11708.695182034004
2405.69,38.0,20.11,-90.0,17.01,15.03,1.25,-6.93,-24.97,48.850842,2.217543,91.4,9.45,78.39,31,0.5,19483000,220725,11713.547524835563
2406.6,38.2,21.09,-90.0,17.07,15.03,1.25,-7.44,-24.95,48.850883,2.217521,91.26,9.45,78.39,31,0.49,19483100,220725,11718.38235405563
2407.17,38.3,21.46,-90.0,17.12,15.03,1.25,-7.58,-25.02,48.850883,2.217521,91.26,19.19,340.42,31,0.49,19483100,220725,11718.38235405563
2407.73,38.6,22.17,-90.0,17.16,15.03,1.25,-7.91,-25.0,48.850933,2.217498,90.64,19.19,340.42,31,0.5,19483200,220725,11724.191214002803
2408.29,38.7,22.42,-90.0,17.21,15.03,1.25,-8.01,-25.03,48.850933,2.217498,90.64,20.35,342.36,31,0.5,19483200,220725,11724.191214002803
2408.85,38.8,22.3,-90.0,17.26,15.03,1.26,-7.83,-25.0,48.850979,2.217476,89.95,20.35,342.36,31,0.5,19483300,220725,11729.553493322761
2409.58,39.0,21.32,-90.0,17.32,15.03,1.26,-7.33,-25.04,48.851028,2.217451,89.35,20.35,342.36,31,0.5,19483400,220725,11735.300903480767
2410.65,39.2,20.8,-90.0,17.4,15.03,1.26,-7.05,-25.01,48.851078,2.217437,88.84,20.35,342.36,32,0.49,19483500,220725,11740.954228722474
2411.64,39.4,19.8,-90.0,17.47,15.03,1.26,-6.54,-24.98,48.851124,2.217443,88.32,20.35,342.36,31,0.5,19483600,220725,11746.088000539361
2412.71,39.6,18.87,-90.0,17.55,15.03,1.26,-6.05,-25.09,48.851166,2.217475,87.15,20.35,342.36,32,0.49,19483700,220725,11751.312243975013
2413.62,39.8,20.11,-90.0,17.61,15.03,1.26,-6.6,-24.99,48.851196,2.217526,86.0,20.35,342.36,31,0.5,19483800,220725,11756.317495381849
2414.19,39.9,21.0,-90.0,17.65,15.03,1.26,-7.04,-25.04,48.851196,2.217526,86.0,18.5,55.07,31,0.5,19483800,220725,11756.317495381849
2414.75,40.1,21.71,-90.0,17.7,15.03,1.26,-7.34,-25.0,48.851219,2.217592,84.81,18.5,55.07,31,0.5,19483900,220725,11761.782007243586
2415.53,40.2,22.32,-90.0,17.76,15.03,1.26,-7.61,-25.01,48.851238,2.217664,83.62,18.5,55.07,31,0.5,19484000,220725,11767.45795840963
2416.53,40.5,22.21,-90.0,17.85,15.03,1.26,-7.45,-25.06,48.851257,2.217739,82.88,18.5,55.07,31,0.5,19484100,220725,11773.33820695857
2417.58,40.6,19.26,-90.0,17.92,15.03,1.26,-5.96,-25.0,48.85128,2.217807,81.85,18.5,55.07,32,0.49,19484200,220725,11778.932452881536
2418.14,40.7,19.19,-90.0,17.96,15.03,1.26,-5.92,-24.94,48.85128,2.217807,81.85,17.67,59.03,32,0.49,19484200,220725,11778.932452881536
2418.7,40.8,20.03,-90.0,18.0,15.03,1.26,-6.37,-25.03,48.851307,2.217855,80.52,17.67,59.03,31,0.52,19484300,220725,11783.552861488919
2419.26,40.9,20.2,-90.0,18.04,15.03,1.26,-6.45,-25.03,48.851307,2.217855,80.52,16.78,40.46,31,0.52,19484300,220725,11783.552861488919
2419.83,41.1,20.97,-90.0,18.08,15.03,1.26,-6.72,-25.0,48.851345,2.217893,79.64,16.78,40.46,31,0.52,19484400,220725,11788.610982740305
2420.39,41.2,19.43,-90.0,18.12,15.03,1.26,-5.92,-25.02,48.851345,2.217893,79.64,18.98,29.73,31,0.52,19484400,220725,11788.610982740305
2420.96,41.2,18.98,-90.0,18.16,15.03,1.26,-5.7,-25.0,48.851391,2.217923,78.87,18.98,29.73,31,0.52,19484500,220725,11794.177046827437
2421.64,41.3,18.5,-90.0,18.2,15.03,1.26,-5.52,-25.02,48.851429,2.217949,78.27,18.98,29.73,32,0.49,19484600,220725,11798.81094939071
2422.55,41.5,18.28,-90.0,18.26,15.03,1.26,-5.4,-24.99,48.851471,2.217981,77.48,18.98,29.73,30,0.53,19484700,220725,11804.035186433437
2423.11,41.6,18.56,-90.0,18.3,15.03,1.26,-5.51,-24.99,48.851471,2.217981,77.48,17.54,34.75,30,0.53,19484700,220725,11804.035186433437
2423.68,41.7,18.85,-90.0,18.33,15.03,1.26,-5.62,-24.97,48.851505,2.218026,76.72,17.54,34.75,30,0.53,19484800,220725,11809.048569575283
2424.65,41.9,20.29,-90.0,18.4,15.03,1.26,-6.38,-25.04,48.851528,2.218085,75.94,17.54,34.75,30,0.53,19484900,220725,11814.066166857072
2425.52,42.1,20.74,-90.0,18.46,15.03,1.26,-6.46,-25.0,48.851547,2.218151,74.68,17.54,34.75,30,0.53,19485000,220725,11819.337160891911
2426.53,42.3,21.49,-90.0,18.54,15.03,1.26,-6.76,-24.98,48.851566,2.218223,73.68,17.54,34.75,30,0.53,19485100,220725,11825.013080025832
2427.62,42.5,21.94,-90.0,18.63,15.03,1.27,-7.01,-25.06,48.851585,2.218295,72.42,17.54,34.75,30,0.53,19485200,220725,11830.68899730448
2428.18,42.6,21.95,-90.0,18.68,15.03,1.27,-6.89,-25.06,48.851585,2.218295,72.42,20.45,67.84,30,0.53,19485200,220725,11830.68899730448
2428.74,42.8,22.28,-90.0,18.72,15.03,1.27,-7.14,-25.12,48.851604,2.218367,71.5,20.45,67.84,30,0.53,19485300,220725,11836.36491272741
2429.61,42.9,21.8,-90.0,18.79,15.03,1.27,-6.68,-24.99,48.85162,2.218441,70.36,20.45,67.84,30,0.53,19485400,220725,11842.064119878241
2430.17,43.0,21.47,-90.0,18.84,15.03,1.27,-6.66,-25.1,48.85162,2.218441,70.36,20.45,69.84,30,0.53,19485400,220725,11842.064119878241
2430.74,43.1,21.29,-90.0,18.88,15.03,1.27,-6.43,-24.92,48.851635,2.218514,68.96,20.45,69.84,31,0.52,19485500,220725,11847.659715301712
2431.68,43.3,20.98,-90.0,18.95,15.03,1.27,-6.36,-25.03,48.851646,2.218585,67.94,20.45,69.84,31,0.52,19485600,220725,11852.99666032859
2432.64,43.5,21.44,-90.0,19.03,15.03,1.27,-6.55,-25.03,48.851665,2.218657,67.29,20.45,69.84,31,0.52,19485700,220725,11858.672569794067
2433.2,43.6,21.95,-90.0,19.07,15.03,1.27,-6.64,-24.85,48.851665,2.218657,67.29,20.13,71.22,31,0.52,19485700,220725,11858.672569794067
2433.76,43.7,21.64,-90.0,19.12,15.03,1.27,-6.55,-25.01,48.851685,2.218729,66.36,20.13,71.22,31,0.52,19485800,220725,11864.39079808679
2434.53,43.9,22.08,-90.0,19.18,15.03,1.27,-6.62,-24.97,48.8517,2.2188,65.14,20.13,71.22,30,0.53,19485900,220725,11869.846878601156
2435.6,44.1,22.56,-90.0,19.27,15.03,1.27,-6.98,-24.99,48.851715,2.218874,64.49,20.13,71.22,30,0.53,19490000,220725,11875.512349160075
2436.17,44.2,22.38,-90.0,19.32,15.03,1.27,-6.85,-24.99,48.851715,2.218874,64.49,20.76,72.86,30,0.53,19490000,220725,11875.512349160075
2436.73,44.3,22.38,-90.0,19.36,15.03,1.27,-6.83,-25.04,48.85173,2.218949,63.56,20.76,72.86,31,0.52,19490100,220725,11881.247783339515
2437.29,44.4,22.15,-90.0,19.41,15.03,1.27,-6.63,-25.0,48.85173,2.218949,63.56,20.32,70.97,31,0.52,19490100,220725,11881.247783339515
2437.86,44.5,22.35,-90.0,19.46,15.03,1.27,-6.69,-25.0,48.851749,2.219022,63.05,20.32,70.97,31,0.52,19490200,220725,11886.991658938188
2438.67,44.7,22.31,-90.0,19.52,15.03,1.27,-6.64,-24.96,48.851768,2.219096,62.41,20.32,70.97,30,0.53,19490300,220725,11892.803633071399
2439.59,44.9,21.73,-90.0,19.59,15.03,1.27,-6.4,-24.92,48.851784,2.219171,61.65,20.32,70.97,30,0.53,19490400,220725,11898.572379428559
2440.16,44.9,21.44,-90.0,19.64,15.03,1.27,-6.27,-25.04,48.851784,2.219171,61.65,20.02,78.97,30,0.53,19490400,220725,11898.572379428559
2440.72,45.1,21.07,-90.0,19.68,15.03,1.27,-6.09,-24.94,48.851795,2.219247,61.1,20.02,78.97,26,0.6,19490500,220725,11904.266025634288
2441.69,45.2,21.42,-90.0,19.76,15.03,1.27,-6.24,-25.06,48.851807,2.219319,60.44,20.02,78.97,27,0.59,19490600,220725,11909.700428206941
2442.56,45.4,21.39,-90.0,19.83,15.03,1.27,-6.16,-25.03,48.851822,2.219394,60.07,20.02,78.97,28,0.57,19490700,220725,11915.435852738461
2443.59,45.6,21.84,-90.0,19.91,15.03,1.28,-6.43,-25.06,48.851833,2.219469,59.49,20.02,78.97,31,0.54,19490800,220725,11921.058057866576
2444.7,45.7,20.94,-90.0,19.99,15.03,1.28,-5.91,-24.99,48.851841,2.219544,58.84,20.02,78.97,30,0.58,19490900,220725,11926.61723166385
2445.61,45.9,20.35,-90.0,20.06,15.03,1.28,-5.69,-25.07,48.851845,2.219617,57.88,20.02,78.97,30,0.58,19491000,220725,11931.976923950384
2446.17,46.0,20.38,-90.0,20.1,15.03,1.28,-5.62,-25.0,48.851845,2.219617,57.88,19.04,93.46,30,0.58,19491000,220725,11931.976923950384
2446.74,46.0,18.71,-90.0,20.14,15.03,1.28,-4.89,-24.95,48.851845,2.219687,57.2,19.04,93.46,31,0.54,19491100,220725,11937.098627311136
2447.64,46.0,15.72,-90.0,20.19,15.03,1.28,-3.48,-25.03,48.851849,2.219748,56.41,19.04,93.46,30,0.56,19491200,220725,11941.583933267557
2448.21,46.0,13.91,-90.0,20.21,15.03,1.28,-2.79,-24.99,48.851849,2.219748,56.41,15.13,86.35,30,0.56,19491200,220725,11941.583933267557
2448.77,46.0,11.94,-90.0,20.23,15.03,1.28,-1.95,-24.91,48.851849,2.2198,55.94,15.13,86.35,28,0.58,19491300,220725,11945.38862688872
2449.33,45.9,10.45,-90.0,20.24,15.03,1.28,-1.31,-25.0,48.851849,2.2198,55.94,12.52,94.05,28,0.58,19491300,220725,11945.38862688872
2449.9,45.8,10.66,0.0,20.24,15.03,1.28,0.0,0.0,48.851845,2.219838,55.16,12.52,94.05,28,0.57,19491400,220725,11948.20433152192
2450.58,46.0,10.77,0.0,20.24,15.03,1.28,0.0,0.0,48.851837,2.219867,55.43,12.52,94.05,28,0.57,19491500,220725,11950.505104843003
2451.15,45.9,11.63,0.0,20.24,15.03,1.28,0.0,0.0,48.851837,2.219867,55.43,9.39,132.71,28,0.57,19491500,220725,11950.505104843003
2451.71,45.9,11.39,1.0,20.24,15.03,1.28,0.0,0.0,48.851822,2.219892,55.87,9.39,132.71,28,0.6,19491600,220725,11952.98055850744
2452.56,45.8,8.66,-90.0,20.24,15.03,1.28,-0.65,-25.04,48.851814,2.219919,56.41,9.39,132.71,30,0.53,19491700,220725,11955.147117144787
2453.63,45.9,9.5,0.0,20.25,15.03,1.28,0.0,0.0,48.851814,2.219947,57.08,9.39,132.71,33,0.48,19491800,220725,11957.195799757548
2454.19,45.9,10.5,0.0,20.25,15.03,1.28,0.0,0.0,48.851814,2.219947,57.08,7.07,72.66,33,0.48,19491800,220725,11957.195799757548
2454.75,45.9,11.7,0.0,20.25,15.03,1.28,0.0,0.0,48.85183,2.219959,57.57,7.07,72.66,33,0.48,19491900,220725,11959.179775451023
2455.68,45.9,12.35,8.0,20.25,15.03,1.28,0.0,0.0,48.851852,2.219943,57.47,7.07,72.66,33,0.48,19492000,220725,11961.891750224395
2456.59,45.8,15.34,33.0,20.25,15.04,1.28,1.62,5.27,48.851871,2.219906,57.65,7.07,72.66,33,0.48,19492100,220725,11965.325751982076
2457.64,45.6,17.0,47.0,20.25,15.07,1.28,2.93,8.19,48.851883,2.219856,56.96,7.07,72.66,32,0.5,19492200,220725,11969.219855001511
2458.2,45.5,17.35,51.0,20.25,15.09,1.28,3.05,8.37,48.851883,2.219856,56.96,14.48,280.13,32,0.5,19492200,220725,11969.219855001511
2458.77,45.4,16.88,47.0,20.25,15.11,1.28,2.74,7.71,48.851883,2.219798,56.81,14.48,280.13,33,0.48,19492300,220725,11973.463548850985
2459.68,45.4,16.49,53.0,20.25,15.14,1.28,3.01,8.48,48.851883,2.219742,57.06,14.48,280.13,33,0.48,19492400,220725,11977.560908429732
2460.7,45.3,16.06,55.0,20.25,15.18,1.28,3.17,9.16,48.851883,2.21969,57.06,14.48,280.13,33,0.48,19492500,220725,11981.365599467203
2461.57,45.2,15.72,54.0,20.25,15.22,1.28,3.08,9.03,48.851883,2.219638,57.46,14.48,280.13,34,0.47,19492600,220725,11985.170290504615
2462.6,45.0,15.09,65.0,20.25,15.26,1.28,3.59,10.68,48.851883,2.219582,57.74,14.48,280.13,33,0.49,19492700,220725,11989.26765008342
2463.69,44.9,14.54,62.0,20.25,15.3,1.28,3.29,10.02,48.851879,2.219526,58.24,14.48,280.13,33,0.49,19492800,220725,11993.389080156407
2464.58,44.8,14.8,73.0,20.25,15.35,1.28,4.07,11.99,48.851875,2.219474,58.7,14.48,280.13,33,0.49,19492900,220725,11997.219681459983
2465.67,44.6,14.17,84.0,20.25,15.4,1.28,4.22,12.85,48.851875,2.219423,59.62,14.48,280.13,33,0.49,19493000,220725,12000.951205958334
2466.7,44.3,14.29,88.0,20.25,15.47,1.28,5.03,14.75,48.851871,2.219372,60.1,14.48,280.13,33,0.48,19493100,220725,12004.709144912244
2467.63,44.2,14.13,89.0,20.25,15.52,1.28,5.04,14.69,48.851864,2.219324,60.69,14.48,280.13,33,0.48,19493200,220725,12008.306388429775
2468.19,44.1,13.91,88.0,20.25,15.55,1.29,4.98,14.69,48.851864,2.219324,60.69,13.3,250.92,33,0.48,19493200,220725,12008.306388429775
2468.76,44.0,13.8,88.0,20.25,15.59,1.29,4.96,14.68,48.851852,2.219279,61.19,13.3,250.92,32,0.51,19493300,220725,12011.85901658935
2469.59,43.8,14.61,88.0,20.25,15.64,1.29,5.31,14.76,48.851837,2.219233,61.45,13.3,250.92,33,0.48,19493400,220725,12015.615323923426
2470.68,43.7,15.11,88.0,20.25,15.7,1.29,5.4,14.69,48.851826,2.219186,62.15,13.3,250.92,34,0.47,19493500,220725,12019.265232447962
2471.73,43.5,15.36,88.0,20.25,15.77,1.29,5.48,14.72,48.85181,2.219137,62.15,13.3,250.92,33,0.48,19493600,220725,12023.267591985277
2472.61,43.3,14.99,88.0,20.25,15.83,1.29,5.34,14.68,48.851803,2.21909,63.05,13.3,250.92,32,0.49,19493700,220725,12026.793441330414
2473.18,43.2,14.94,88.0,20.25,15.86,1.29,5.34,14.71,48.851803,2.21909,63.05,12.78,254.45,32,0.49,19493700,220725,12026.793441330414
2473.74,43.1,14.63,88.0,20.25,15.9,1.29,5.24,14.69,48.851795,2.219046,63.56,12.78,254.45,33,0.48,19493800,220725,12030.133439925115
2474.63,43.0,14.65,88.0,20.25,15.95,1.29,5.18,14.7,48.851784,2.219002,63.42,12.78,254.45,33,0.48,19493900,220725,12033.577327309053
2475.19,42.9,14.2,88.0,20.25,15.98,1.29,5.14,14.64,48.851784,2.219002,63.42,12.11,259.14,33,0.48,19493900,220725,12033.577327309053
2475.76,42.8,13.87,88.0,20.25,16.02,1.29,5.13,14.53,48.851776,2.21896,63.96,12.11,259.14,33,0.48,19494000,220725,12036.776515453426
2476.6,43.0,13.41,88.0,20.25,16.07,1.29,0.04,0.19,48.851765,2.218919,64.53,12.11,259.14,31,0.52,19494100,220725,12040.016150845375
2477.17,42.5,13.78,88.0,20.25,16.1,1.29,5.09,14.72,48.851765,2.218919,64.53,11.45,241.95,31,0.52,19494100,220725,12040.016150845375
2477.73,42.5,13.51,88.0,20.25,16.13,1.29,5.03,14.85,48.851746,2.218876,64.36,11.45,241.95,31,0.52,19494200,220725,12043.805881501734
2478.62,42.4,13.93,88.0,20.25,16.18,1.29,5.19,14.65,48.851738,2.218829,64.67,11.45,241.95,33,0.48,19494300,220725,12047.35793847616
2479.18,42.3,13.98,88.0,20.25,16.22,1.29,5.26,14.63,48.851738,2.218829,64.67,11.78,261.42,33,0.48,19494300,220725,12047.35793847616
2479.75,42.1,14.08,87.0,20.25,16.25,1.29,5.16,14.54,48.851738,2.218783,65.4,11.78,261.42,33,0.48,19494400,220725,12050.723636448976
2480.57,42.0,14.02,88.0,20.25,16.3,1.29,5.22,14.47,48.851734,2.218735,66.02,11.78,261.42,33,0.48,19494500,220725,12054.263721677971
2481.14,41.9,14.38,88.0,20.25,16.34,1.29,5.44,14.68,48.851734,2.218735,66.02,12.32,261.46,33,0.48,19494500,220725,12054.263721677971
2481.7,41.7,14.29,88.0,20.25,16.37,1.29,5.4,14.62,48.851727,2.218688,66.46,12.32,261.46,32,0.49,19494600,220725,12057.789576114395
2482.57,41.7,13.41,88.0,20.25,16.42,1.29,5.08,14.6,48.851715,2.218643,66.7,12.32,261.46,33,0.48,19494700,220725,12061.342212623755
2483.13,41.6,13.32,88.0,20.25,16.46,1.29,5.19,14.71,48.851715,2.218643,66.7,11.98,251.02,33,0.48,19494700,220725,12061.342212623755
2483.69,41.4,13.29,88.0,20.25,16.49,1.29,5.14,14.67,48.851704,2.218599,67.2,11.98,251.02,33,0.48,19494800,220725,12064.786104816598
2484.56,41.3,13.28,-12.0,20.25,16.54,1.29,5.06,14.72,48.851692,2.218553,67.83,11.98,251.02,32,0.49,19494900,220725,12068.406657513402
2485.72,41.1,13.0,88.0,20.25,16.6,1.29,5.07,14.67,48.851685,2.218509,68.08,11.98,251.02,33,0.48,19495000,220725,12071.718782463466
2486.54,41.3,12.42,88.0,20.25,16.65,1.29,0.05,0.22,48.851673,2.218466,68.91,11.98,251.02,31,0.52,19495100,220725,12075.136242493023
2487.57,40.9,12.78,88.0,20.25,16.71,1.29,5.29,15.59,48.851665,2.218422,69.4,11.98,251.02,31,0.52,19495200,220725,12078.476249145073
2488.66,40.5,12.31,88.0,20.25,16.77,1.29,4.95,14.69,48.851654,2.218379,69.69,11.98,251.02,31,0.52,19495300,220725,12081.851847105683
2489.59,40.5,12.55,90.0,20.25,16.82,1.29,5.05,14.77,48.851646,2.218338,70.27,11.98,251.02,31,0.52,19495400,220725,12084.980826975083
2490.54,40.2,12.4,88.0,20.25,16.87,1.29,5.04,14.68,48.851639,2.218298,70.72,11.98,251.02,32,0.49,19495500,220725,12088.009262391777
2491.59,40.2,11.89,90.0,20.25,16.92,1.29,4.86,14.69,48.851627,2.218259,71.45,11.98,251.02,31,0.52,19495600,220725,12091.159359019688
2492.15,40.1,11.87,88.0,20.25,16.95,1.29,4.91,14.65,48.851627,2.218259,71.45,11.09,246.62,31,0.52,19495600,220725,12091.159359019688
2492.72,40.1,11.73,88.0,20.25,16.98,1.29,4.7,14.43,48.851616,2.218219,71.83,11.09,246.62,31,0.52,19495700,220725,12094.331370795007
2493.59,39.9,12.08,-4.0,20.25,17.02,1.29,5.02,14.71,48.851608,2.218182,72.45,11.09,246.62,31,0.52,19495800,220725,12097.180974370549
2494.15,39.8,11.96,88.0,20.25,17.05,1.29,5.01,14.64,48.851608,2.218182,72.45,9.61,252.29,31,0.52,19495800,220725,12097.180974370549
2494.71,39.7,11.91,88.0,20.25,17.08,1.3,5.05,14.62,48.851597,2.218145,72.9,9.61,252.29,32,0.49,19495900,220725,12100.151666055372
2495.62,39.5,12.39,88.0,20.25,17.12,1.3,5.08,14.72,48.851585,2.218107,73.7,9.61,252.29,31,0.52,19500000,220725,12103.23564133607
2496.19,39.4,12.32,88.0,20.25,17.16,1.3,5.17,14.68,48.851585,2.218107,73.7,10.02,249.21,31,0.52,19500000,220725,12103.23564133607
2496.75,39.3,11.89,88.0,20.25,17.19,1.3,4.99,14.65,48.851574,2.21807,74.3,10.02,249.21,31,0.52,19500100,220725,12106.206334154507
2497.68,39.2,11.36,88.0,20.25,17.23,1.3,4.8,14.64,48.851562,2.218034,74.7,10.02,249.21,31,0.52,19500200,220725,12109.15906053365
2498.63,39.0,12.45,88.0,20.25,17.29,1.3,5.18,14.64,48.851547,2.217999,75.25,10.02,249.21,32,0.49,19500300,220725,12112.215203129486
2499.19,39.2,11.25,88.0,20.25,17.32,1.3,0.01,0.01,48.851547,2.217999,75.25,10.3,231.0,32,0.49,19500300,220725,12112.215203129486
2499.75,38.8,12.0,88.0,20.25,17.34,1.3,5.14,14.98,48.851528,2.217968,75.78,10.3,231.0,31,0.52,19500400,220725,12115.314918191594
2500.54,38.7,11.86,88.0,20.25,17.38,1.3,4.93,14.48,48.851505,2.217943,75.8,10.3,231.0,30,0.56,19500500,220725,12118.459224702758
2501.59,38.6,10.89,88.0,20.25,17.41,1.3,4.72,14.63,48.851482,2.217922,75.96,10.3,231.0,32,0.49,19500600,220725,12121.442783002462
2502.15,38.6,10.54,88.0,20.25,17.44,1.3,4.63,14.38,48.851482,2.217922,75.96,9.61,202.99,32,0.49,19500600,220725,12121.442783002462
2502.72,38.5,10.43,88.0,20.25,17.47,1.3,4.58,14.63,48.85146,2.217907,76.21,9.61,202.99,30,0.53,19500700,220725,12124.123989516083
2503.65,38.3,10.93,88.0,20.25,17.51,1.3,4.8,14.58,48.851437,2.217895,76.82,9.61,202.99,30,0.53,19500800,220725,12126.827991763881
2504.55,38.1,11.42,88.0,20.25,17.56,1.3,5.0,14.65,48.851414,2.217879,76.9,9.61,202.99,29,0.58,19500900,220725,12129.640681569103
2505.11,38.1,11.18,88.0,20.25,17.59,1.3,4.88,14.59,48.851414,2.217879,76.9,10.07,203.08,29,0.58,19500900,220725,12129.640681569103
2505.7,38.0,11.34,88.0,20.25,17.62,1.3,5.02,14.71,48.851395,2.217869,78.63,10.07,203.08,28,0.56,19501000,220725,12131.876496796789
2506.55,37.8,11.56,88.0,20.25,17.66,1.3,6.04,16.4,48.851372,2.217852,78.97,10.07,203.08,31,0.5,19501100,220725,12134.720418902718
2507.64,37.9,11.34,15.0,20.25,17.71,1.3,1.47,5.49,48.851353,2.21783,79.54,10.07,203.08,31,0.52,19501200,220725,12137.376474318631
2508.67,37.6,9.27,85.0,20.25,17.74,1.3,4.16,14.32,48.85133,2.217808,80.21,10.07,203.08,30,0.51,19501300,220725,12140.398367254415
2509.58,37.5,9.59,88.0,20.25,17.78,1.3,4.54,14.68,48.851318,2.217783,80.54,10.07,203.08,31,0.5,19501400,220725,12142.662529165485
2510.14,37.4,9.6,88.0,20.25,17.8,1.3,4.48,14.64,48.851318,2.217783,80.54,7.69,243.99,31,0.5,19501400,220725,12142.662529165485
2510.71,37.3,10.16,88.0,20.25,17.83,1.3,4.77,14.72,48.851311,2.217752,81.0,7.69,243.99,32,0.49,19501500,220725,12145.06057296009
2511.59,37.1,9.66,-4.0,20.25,17.87,1.3,4.55,14.69,48.851303,2.217725,81.16,7.69,243.99,31,0.51,19501600,220725,12147.227149982138
2512.16,37.0,10.4,88.0,20.25,17.9,1.3,4.75,12.13,48.851303,2.217725,81.16,7.56,235.25,31,0.51,19501600,220725,12147.227149982138
2512.72,36.9,10.42,88.0,20.25,17.92,1.3,4.92,14.72,48.851295,2.217696,81.59,7.56,235.25,33,0.47,19501700,220725,12149.527944486852
2513.61,36.9,10.18,88.0,20.25,17.94,1.3,4.71,14.61,48.851288,2.217667,82.1,7.56,235.25,32,0.48,19501800,220725,12151.788075462378
2514.17,36.8,10.0,88.0,20.25,17.97,1.3,4.73,14.67,48.851288,2.217667,82.1,8.15,249.53,32,0.48,19501800,220725,12151.788075462378
2514.73,36.7,9.98,88.0,20.25,18.0,1.3,4.77,14.74,48.85128,2.217634,82.56,8.15,249.53,32,0.48,19501900,220725,12154.361271992222
2515.6,36.4,10.72,88.0,20.25,18.04,1.3,5.21,12.9,48.851276,2.217599,82.73,8.15,249.53,31,0.51,19502000,220725,12156.960490884978
2516.17,36.5,9.85,88.0,20.25,18.06,1.3,4.73,14.67,48.851276,2.217599,82.73,8.59,256.01,31,0.51,19502000,220725,12156.960490884978
2516.73,36.4,9.52,-4.0,20.25,18.09,1.3,4.6,14.69,48.851273,2.217563,83.51,8.59,256.01,31,0.51,19502100,220725,12159.615578893598
2517.66,36.1,9.02,88.0,20.25,18.13,1.3,4.48,14.63,48.851265,2.21753,83.98,8.59,256.01,30,0.52,19502200,220725,12162.188776102463
2518.55,36.1,7.81,88.0,20.25,18.17,1.3,4.08,14.69,48.851254,2.217502,84.52,8.59,256.01,30,0.52,19502300,220725,12164.574834595376
2519.68,36.4,8.33,0.0,20.25,18.18,1.3,0.0,0.0,48.851238,2.217484,84.67,8.59,256.01,30,0.52,19502400,220725,12166.788388107778
2520.54,36.4,9.45,0.0,20.25,18.18,1.3,0.0,0.0,48.851219,2.217469,84.96,8.59,256.01,30,0.52,19502500,220725,12169.16915892905
2521.61,36.4,10.0,0.0,20.25,18.18,1.3,0.0,0.0,48.8512,2.217454,85.1,8.59,256.01,32,0.48,19502600,220725,12171.549929941679
2522.18,36.4,9.97,0.0,20.25,18.18,1.3,0.0,0.0,48.8512,2.217454,85.1,9.06,204.62,32,0.48,19502600,220725,12171.549929941679
2522.74,36.4,10.37,1.0,20.25,18.18,1.3,0.0,0.0,48.851177,2.217437,85.23,9.06,204.62,30,0.51,19502700,220725,12174.393854167096
2523.57,36.3,10.61,32.0,20.25,18.18,1.3,0.97,3.7,48.851158,2.217425,85.55,9.06,204.62,30,0.51,19502800,220725,12176.681742371646
2524.6,36.1,10.69,44.0,20.25,18.21,1.3,2.14,7.23,48.851131,2.21742,85.64,9.06,204.62,29,0.54,19502900,220725,12179.70621305712
2525.21,36.0,10.93,59.0,20.25,18.22,1.3,3.13,9.91,48.851131,2.21742,85.64,9.96,182.15,29,0.54,19502900,220725,12179.70621305712
2525.78,35.9,11.0,65.0,20.25,18.24,1.3,3.57,11.07,48.851105,2.21742,85.82,9.96,182.15,30,0.51,19503000,220725,12182.5972811507
2526.65,35.7,11.91,69.0,20.25,18.27,1.3,4.1,11.42,48.851082,2.217423,86.32,9.96,182.15,30,0.51,19503100,220725,12185.1641670616
2527.66,35.7,11.45,67.0,20.25,18.31,1.3,3.63,10.9,48.851059,2.21743,86.86,9.96,182.15,30,0.52,19503200,220725,12187.772432283033
2528.59,35.5,11.67,65.0,20.25,18.34,1.3,3.81,10.85,48.851036,2.217441,87.48,9.96,182.15,30,0.53,19503300,220725,12190.453571500802
2529.15,35.4,11.43,88.0,20.25,18.37,1.31,5.46,14.59,48.851036,2.217441,87.48,10.04,162.08,30,0.53,19503300,220725,12190.453571500802
2529.72,35.2,11.12,88.0,20.25,18.4,1.31,5.34,14.65,48.851013,2.217451,88.17,10.04,162.08,31,0.5,19503400,220725,12193.11366214303
2530.6,35.1,11.51,88.0,20.25,18.44,1.31,5.49,14.68,48.85099,2.217462,88.76,10.04,162.08,32,0.49,19503500,220725,12195.794801582768
2531.17,35.0,11.46,-1.0,20.25,18.47,1.31,5.44,14.74,48.85099,2.217462,88.76,9.69,164.69,32,0.49,19503500,220725,12195.794801582768
2531.73,34.9,11.37,88.0,20.25,18.5,1.31,5.44,14.66,48.850964,2.217471,89.22,9.69,164.69,30,0.52,19503600,220725,12198.759918481059
2532.54,34.8,11.39,88.0,20.25,18.54,1.31,5.37,14.69,48.850941,2.217482,90.0,9.69,164.69,32,0.5,19503700,220725,12201.441058157248
2533.65,34.5,10.98,88.0,20.25,18.59,1.31,5.35,14.68,48.850918,2.217495,90.01,9.69,164.69,33,0.48,19503800,220725,12204.169699756074
2534.58,34.4,11.37,-6.0,20.25,18.64,1.31,5.59,14.71,48.850895,2.217508,90.47,9.69,164.69,32,0.48,19503900,220725,12206.898341506554
2535.55,34.2,10.97,88.0,20.25,18.69,1.31,5.39,14.62,48.850872,2.217521,90.34,9.69,164.69,29,0.54,19504000,220725,12209.626983410004
2536.66,34.0,11.44,88.0,20.25,18.75,1.31,5.5,14.72,48.850845,2.217534,90.94,9.69,164.69,32,0.49,19504100,220725,12212.776324592083
2537.57,33.8,11.91,-7.0,20.25,18.79,1.31,5.79,14.68,48.850819,2.217544,91.86,9.69,164.69,29,0.52,19504200,220725,12215.758545268473
2538.66,33.6,11.04,88.0,20.25,18.85,1.31,5.54,14.6,48.850788,2.217551,92.67,9.69,164.69,31,0.5,19504300,220725,12219.24343162569
2539.55,33.4,11.79,88.0,20.25,18.89,1.31,5.78,14.63,48.850761,2.217552,93.51,9.69,164.69,29,0.52,19504400,220725,12222.246586117804
2540.68,33.2,11.15,88.0,20.25,18.95,1.31,5.71,14.55,48.850739,2.217541,94.23,9.69,164.69,28,0.53,19504500,220725,12224.821876621998
2541.55,33.0,11.69,90.0,20.25,18.99,1.31,5.84,12.47,48.850727,2.217513,95.44,9.69,164.69,31,0.51,19504600,220725,12227.266818865275
2542.68,32.8,13.01,88.0,20.25,19.05,1.31,6.41,14.7,48.850719,2.21747,95.7,9.69,164.69,31,0.5,19504700,220725,12230.536416107712
2543.75,33.1,12.1,0.0,20.25,19.07,1.31,0.0,0.0,48.850712,2.21742,95.81,9.69,164.69,30,0.5,19504800,220725,12234.276743591285
2544.61,33.1,12.23,0.0,20.25,19.07,1.31,0.0,0.0,48.850708,2.217374,95.74,9.69,164.69,31,0.48,19504900,220725,12237.671771869644
2545.18,33.1,12.41,0.0,20.25,19.07,1.31,0.0,0.0,48.850708,2.217374,95.74,11.33,268.11,31,0.48,19504900,220725,12237.671771869644
2545.75,33.1,12.62,0.0,20.25,19.07,1.31,0.0,0.0,48.850704,2.217326,95.52,11.33,268.11,32,0.48,19505000,220725,12241.211928776142
2546.72,33.0,12.77,0.0,20.25,19.07,1.31,0.0,0.0,48.8507,2.217279,95.54,11.33,268.11,31,0.48,19505100,220725,12244.67950906785
2547.28,33.1,12.69,0.0,20.25,19.07,1.31,0.0,0.0,48.8507,2.217279,95.54,11.78,266.64,31,0.48,19505100,220725,12244.67950906785
2547.84,33.1,12.6,0.0,20.25,19.07,1.31,0.0,0.0,48.850697,2.217231,95.52,11.78,266.64,31,0.48,19505200,220725,12248.207421260171
2548.63,33.1,12.71,0.0,20.25,19.07,1.31,0.0,0.0,48.850693,2.217183,95.71,11.78,266.64,30,0.5,19505300,220725,12251.747578932122
2549.7,33.1,11.87,0.0,20.25,19.07,1.31,0.0,0.0,48.850693,2.217144,95.26,11.78,266.64,31,0.48,19505400,220725,12254.601165032338
2550.58,33.1,12.32,0.0,20.25,19.07,1.31,0.0,0.0,48.8507,2.217108,94.65,11.78,266.64,31,0.49,19505500,220725,12257.347840294497
2551.63,33.1,12.9,0.0,20.25,19.07,1.31,0.0,0.0,48.850716,2.217078,94.03,11.78,266.64,33,0.47,19505600,220725,12260.173362665522
2552.2,33.1,14.55,0.0,20.25,19.07,1.31,0.0,0.0,48.850716,2.217078,94.03,11.56,321.01,33,0.47,19505600,220725,12260.173362665522
2552.76,33.1,12.64,0.0,20.25,19.07,1.31,0.0,0.0,48.850735,2.217058,93.77,11.56,321.01,31,0.5,19505700,220725,12262.743379672756
2553.32,33.1,14.71,0.0,20.25,19.07,1.31,0.0,0.0,48.850735,2.217058,93.77,11.48,332.63,31,0.5,19505700,220725,12262.743379672756
2553.89,33.1,15.66,0.0,20.25,19.07,1.31,0.0,0.0,48.850761,2.21704,93.54,11.48,332.63,31,0.5,19505800,220725,12265.920306580905
2554.63,33.1,16.98,0.0,20.25,19.07,1.31,0.0,0.0,48.850792,2.217021,93.55,11.48,332.63,33,0.47,19505900,220725,12269.637130102727
2555.56,33.1,18.1,0.0,20.25,19.07,1.31,0.0,0.0,48.85083,2.217001,93.6,11.48,332.63,33,0.47,19510000,220725,12274.10876623412
2556.65,33.1,19.02,0.0,20.25,19.07,1.31,0.0,0.0,48.850868,2.216981,93.61,11.48,332.63,33,0.47,19510100,220725,12278.580402001382
2557.54,33.1,19.78,0.0,20.25,19.07,1.32,0.0,0.0,48.85091,2.216963,93.67,11.48,332.63,32,0.48,19510200,220725,12283.432744317455
2558.58,33.1,20.6,0.0,20.25,19.07,1.32,0.0,0.0,48.850956,2.216944,93.47,11.48,332.63,33,0.48,19510300,220725,12288.733267408425
2559.65,33.1,21.34,0.0,20.25,19.07,1.32,0.0,0.0,48.851002,2.216924,93.26,11.48,332.63,32,0.48,19510400,220725,12294.05344905865
2560.69,33.1,21.71,0.0,20.25,19.07,1.32,0.0,0.0,48.851044,2.216903,93.04,11.48,332.63,33,0.47,19510500,220725,12298.969910129334
2561.55,33.1,21.91,0.0,20.25,19.07,1.32,0.0,0.0,48.851093,2.216883,93.1,11.48,332.63,33,0.47,19510600,220725,12304.611554744588
2562.66,33.0,22.25,0.0,20.25,19.07,1.32,0.0,0.0,48.851143,2.216863,93.21,11.48,332.63,33,0.47,19510700,220725,12310.360660465914
2563.73,33.1,22.04,0.0,20.25,19.07,1.32,0.0,0.0,48.851192,2.216842,93.84,11.48,332.63,33,0.48,19510800,220725,12316.021724181079
2564.58,33.1,21.75,0.0,20.25,19.07,1.32,0.0,0.0,48.851242,2.216819,94.1,11.48,332.63,32,0.48,19510900,220725,12321.830581120059
2565.14,33.3,20.88,-35.0,20.26,19.07,1.32,-4.77,-9.94,48.851242,2.216819,94.1,20.08,343.52,32,0.48,19510900,220725,12321.830581120059
2565.71,33.7,19.84,-47.0,20.29,19.07,1.32,-6.46,-17.71,48.851292,2.216798,94.68,20.08,343.52,32,0.48,19511000,220725,12327.598743727674
2566.63,33.6,17.69,-32.0,20.33,19.07,1.32,-3.87,-10.41,48.851341,2.216781,95.39,20.08,343.52,33,0.47,19511100,220725,12333.187472438898
2567.2,33.6,16.6,-25.0,20.35,19.07,1.32,-3.11,-8.8,48.851341,2.216781,95.39,17.24,346.93,33,0.47,19511100,220725,12333.187472438898
2567.76,33.6,15.64,-23.0,20.37,19.07,1.32,-2.43,-6.95,48.851379,2.216768,95.61,17.24,346.93,34,0.47,19511200,220725,12337.518617164587
2568.65,33.7,14.13,-28.0,20.39,19.07,1.32,-2.1,-6.76,48.851414,2.216756,95.64,17.24,346.93,32,0.51,19511300,220725,12341.508252574311
2569.72,33.7,12.0,-28.0,20.41,19.07,1.32,-1.96,-7.8,48.851444,2.216744,95.54,17.24,346.93,33,0.47,19511400,220725,12344.957714618638
2570.63,33.6,11.17,0.0,20.41,19.07,1.32,0.0,0.0,48.851467,2.216734,95.87,17.24,346.93,32,0.5,19511500,220725,12347.617803528396
2571.19,33.6,11.14,0.0,20.41,19.07,1.32,0.0,0.0,48.851467,2.216734,95.87,9.22,346.09,32,0.5,19511500,220725,12347.617803528396
2571.75,33.6,10.83,0.0,20.41,19.07,1.32,0.0,0.0,48.851494,2.216727,95.53,9.22,346.09,32,0.5,19511600,220725,12350.6634406561
2572.7,33.8,9.73,-73.0,20.41,19.07,1.32,-2.2,-18.99,48.851517,2.216718,95.65,9.22,346.09,32,0.5,19511700,220725,12353.304341115598
2573.59,33.8,7.52,-49.0,20.43,19.07,1.32,-1.29,-13.85,48.851536,2.216709,95.79,9.22,346.09,33,0.47,19511800,220725,12355.517291750097
2574.62,33.7,5.12,-11.0,20.44,19.07,1.32,-0.44,-4.27,48.851551,2.216701,95.77,9.22,346.09,33,0.47,19511900,220725,12357.28494394449
2575.63,33.6,4.29,0.0,20.44,19.07,1.32,0.0,0.0,48.851559,2.216691,95.65,9.22,346.09,33,0.48,19512000,220725,12358.436753795608
2576.19,33.7,3.93,0.0,20.44,19.07,1.32,0.0,0.0,48.851559,2.216691,95.65,3.43,344.66,33,0.48,19512000,220725,12358.436753795608
2576.76,33.7,3.64,0.0,20.44,19.07,1.32,0.0,0.0,48.851566,2.216684,95.77,3.43,344.66,34,0.46,19512100,220725,12359.368511643199
2577.6,33.7,4.98,0.0,20.44,19.07,1.32,0.0,0.0,48.851574,2.216678,95.74,3.43,344.66,32,0.48,19512200,220725,12360.36050046779
2578.17,33.6,7.58,56.0,20.44,19.08,1.32,1.7,8.23,48.851574,2.216678,95.74,3.15,344.66,32,0.48,19512200,220725,12360.36050046779
2578.73,33.5,6.57,57.0,20.44,19.09,1.32,2.17,9.46,48.851582,2.21667,95.65,3.15,344.66,33,0.47,19512300,220725,12361.425366480707
2579.72,33.1,9.34,88.0,20.44,19.12,1.32,5.04,14.63,48.851597,2.21666,95.61,3.15,344.66,34,0.46,19512400,220725,12363.246717457136
2580.61,33.0,11.3,75.0,20.44,19.16,1.32,5.29,13.72,48.851616,2.216646,95.64,3.15,344.66,34,0.47,19512500,220725,12365.59465279197
2581.7,33.4,13.21,7.0,20.44,19.17,1.32,0.0,0.0,48.851635,2.216626,95.89,3.15,344.66,34,0.47,19512600,220725,12368.164654821936
2582.61,32.8,15.7,62.0,20.44,19.2,1.32,5.45,11.17,48.851669,2.216616,95.98,3.15,344.66,32,0.48,19512700,220725,12372.015432957389
2583.17,33.2,16.8,0.0,20.44,19.21,1.33,0.0,0.0,48.851669,2.216616,95.98,12.78,345.48,32,0.48,19512700,220725,12372.015432957389
2583.73,33.2,17.51,0.0,20.44,19.21,1.33,0.0,0.0,48.851707,2.216611,95.66,12.78,345.48,33,0.48,19512800,220725,12376.256647746575
2584.58,33.2,17.69,0.0,20.44,19.21,1.33,0.0,0.0,48.851749,2.216605,95.34,12.78,345.48,33,0.47,19512900,220725,12380.94742279149
2585.63,33.1,19.25,0.0,20.44,19.21,1.33,0.0,0.0,48.851795,2.21659,95.27,12.78,345.48,34,0.47,19513000,220725,12386.17880985494
2586.19,33.2,19.75,0.0,20.44,19.21,1.33,0.0,0.0,48.851795,2.21659,95.27,17.65,341.26,34,0.47,19513000,220725,12386.17880985494
2586.75,33.2,19.84,0.0,20.44,19.21,1.33,0.0,0.0,48.851837,2.216571,95.23,17.65,341.26,34,0.47,19513100,220725,12391.051513329543
2587.66,33.1,19.81,0.0,20.44,19.21,1.33,0.0,0.0,48.851883,2.216552,95.59,17.65,341.26,33,0.48,19513200,220725,12396.352029669806
2588.57,33.2,19.84,0.0,20.44,19.21,1.33,0.0,0.0,48.851929,2.216533,95.45,17.65,341.26,34,0.47,19513300,220725,12401.652545675766
2589.13,33.1,20.22,0.0,20.44,19.21,1.33,0.0,0.0,48.851929,2.216533,95.45,18.45,343.08,34,0.47,19513300,220725,12401.652545675766
2589.7,33.1,20.27,0.0,20.44,19.21,1.33,0.0,0.0,48.851974,2.216513,95.17,18.45,343.08,34,0.47,19513400,220725,12406.86590325351
2590.26,33.1,20.21,0.0,20.44,19.21,1.33,0.0,0.0,48.851974,2.216513,95.17,18.15,341.42,34,0.47,19513400,220725,12406.86590325351
2590.82,33.2,18.13,0.0,20.44,19.21,1.33,0.0,0.0,48.85202,2.216495,94.94,18.15,341.42,34,0.47,19513500,220725,12412.147700950092
2591.69,33.2,19.15,0.0,20.44,19.21,1.33,0.0,0.0,48.852066,2.216479,94.48,18.15,341.42,33,0.48,19513600,220725,12417.394924293982
2592.56,33.2,18.77,0.0,20.44,19.21,1.33,0.0,0.0,48.852108,2.216465,94.06,18.15,341.42,33,0.48,19513700,220725,12422.176128068046
2593.55,33.1,19.85,0.0,20.44,19.21,1.33,0.0,0.0,48.852154,2.216451,93.38,18.15,341.42,33,0.48,19513800,220725,12427.392654249668
2594.59,33.2,20.0,0.0,20.44,19.21,1.33,0.0,0.0,48.8522,2.216435,93.09,18.15,341.42,33,0.48,19513900,220725,12432.639876895226
2595.16,33.1,20.01,0.0,20.44,19.21,1.33,0.0,0.0,48.8522,2.216435,93.09,18.71,343.06,33,0.48,19513900,220725,12432.639876895226
2595.72,33.2,19.83,0.0,20.44,19.21,1.33,0.0,0.0,48.852245,2.216416,92.81,18.71,343.06,33,0.48,19514000,220725,12437.83316998588
2596.59,33.1,19.89,0.0,20.44,19.21,1.33,0.0,0.0,48.852291,2.216393,92.54,18.71,343.06,34,0.47,19514100,220725,12443.217852365786
2597.15,33.1,19.83,0.0,20.44,19.21,1.33,0.0,0.0,48.852291,2.216393,92.54,17.95,340.11,34,0.47,19514100,220725,12443.217852365786
2597.72,33.1,20.15,0.0,20.44,19.21,1.33,0.0,0.0,48.852333,2.216369,92.38,17.95,340.11,34,0.47,19514200,220725,12448.207257993705
2598.73,32.7,20.93,44.0,20.44,19.24,1.33,4.63,7.82,48.852371,2.216333,92.4,17.95,340.11,34,0.47,19514300,220725,12453.186412641651
2599.61,32.2,23.56,82.0,20.44,19.29,1.33,9.84,13.91,48.852406,2.216278,92.47,17.95,340.11,34,0.47,19514400,220725,12458.784633757934
2600.66,32.3,21.99,58.0,20.44,19.33,1.33,4.77,7.05,48.852421,2.21621,92.42,17.95,340.11,33,0.48,19514500,220725,12464.032081180634
2601.23,32.1,21.08,67.0,20.44,19.36,1.33,6.86,11.08,48.852421,2.21621,92.42,19.78,276.18,33,0.48,19514500,220725,12464.032081180634
2601.79,31.8,20.17,87.0,20.44,19.4,1.34,9.26,14.56,48.852425,2.216137,92.77,19.78,276.18,34,0.47,19514600,220725,12469.391711805454
2602.64,31.7,18.95,73.0,20.44,19.45,1.34,7.05,12.09,48.852417,2.216071,93.45,19.78,276.18,34,0.47,19514700,220725,12474.30194138544
2603.2,31.6,18.9,72.0,20.44,19.49,1.34,6.99,11.97,48.852417,2.216071,93.45,17.59,255.67,34,0.47,19514700,220725,12474.30194138544
2603.76,31.4,18.23,51.0,20.44,19.52,1.34,6.37,11.3,48.852406,2.216008,93.77,17.59,255.67,34,0.47,19514800,220725,12479.07094501237
2604.69,31.4,17.82,69.0,20.44,19.56,1.34,6.3,11.35,48.852394,2.215948,93.96,17.59,255.67,34,0.47,19514900,220725,12483.65923551835
2605.6,31.2,17.63,58.0,20.44,19.61,1.34,5.34,9.87,48.85239,2.215888,94.16,17.59,255.67,34,0.47,19515000,220725,12488.071693339532
2606.17,30.9,17.44,88.0,20.44,19.64,1.34,8.49,14.66,48.85239,2.215888,94.16,16.37,259.22,34,0.47,19515000,220725,12488.071693339532
2606.73,30.7,17.03,88.0,20.44,19.68,1.34,8.28,14.69,48.852383,2.215829,94.65,16.37,259.22,34,0.47,19515100,220725,12492.45812300658
2607.58,30.4,17.64,87.0,20.44,19.74,1.34,8.6,14.46,48.852375,2.215769,94.98,16.37,259.22,34,0.47,19515200,220725,12496.937328404229
2608.14,30.3,17.5,86.0,20.44,19.78,1.34,8.32,14.19,48.852375,2.215769,94.98,16.3,252.33,34,0.47,19515200,220725,12496.937328404229
2608.7,30.1,17.6,88.0,20.44,19.82,1.34,8.66,14.49,48.852364,2.215708,95.05,16.3,252.33,34,0.47,19515300,220725,12501.56504992562
2609.71,29.7,18.02,88.0,20.44,19.89,1.34,9.24,14.64,48.852356,2.215651,95.84,16.3,252.33,34,0.47,19515400,220725,12505.829352635901
2610.58,29.5,18.02,87.0,20.44,19.96,1.34,9.03,14.49,48.852352,2.215592,96.55,16.3,252.33,34,0.47,19515500,220725,12510.16902625623
2611.59,29.2,18.06,67.0,20.44,20.03,1.34,6.82,11.12,48.852345,2.215528,96.76,16.3,252.33,34,0.47,19515600,220725,12514.915929620782
2612.66,28.8,18.58,86.0,20.44,20.1,1.34,9.26,14.3,48.852337,2.215467,97.23,16.3,252.33,34,0.47,19515700,220725,12519.466870555434
2613.23,28.6,18.78,82.0,20.44,20.14,1.34,9.4,14.16,48.852337,2.215467,97.23,16.46,255.75,34,0.47,19515700,220725,12519.466870555434
2613.79,28.5,18.68,85.0,20.44,20.18,1.34,9.52,14.7,48.852329,2.215405,97.47,16.46,255.75,34,0.47,19515800,220725,12524.089589427724
2614.7,28.2,18.73,85.0,20.44,20.25,1.34,9.34,13.99,48.852325,2.215341,97.78,16.46,255.75,34,0.47,19515900,220725,12528.793320722949
2615.71,27.8,19.16,87.0,20.44,20.32,1.34,10.01,14.33,48.852318,2.215275,98.08,16.46,255.75,34,0.47,19520000,220725,12533.684637778962
2616.72,27.4,19.55,86.0,20.44,20.39,1.34,10.02,14.04,48.85231,2.215209,98.34,16.46,255.75,32,0.48,19520100,220725,12538.59487750853
2617.64,27.8,19.2,36.0,20.44,20.42,1.34,3.21,5.13,48.852303,2.215141,98.83,16.46,255.75,33,0.48,19520200,220725,12543.63071819317
2618.21,27.5,18.77,60.0,20.44,20.44,1.34,6.41,10.16,48.852303,2.215141,98.83,17.96,258.6,33,0.48,19520200,220725,12543.63071819317
2618.78,27.3,19.06,66.0,20.44,20.47,1.34,7.27,10.64,48.852295,2.215073,99.58,17.96,258.6,33,0.48,19520300,220725,12548.684940536155
2619.64,26.9,18.83,84.0,20.44,20.52,1.34,9.15,13.07,48.852287,2.215004,100.24,17.96,258.6,32,0.49,19520400,220725,12553.811204216203
2620.21,26.6,19.32,84.0,20.44,20.56,1.34,9.93,13.78,48.852287,2.215004,100.24,17.89,258.69,32,0.49,19520400,220725,12553.811204216203
2620.77,26.6,19.4,72.0,20.44,20.6,1.34,8.77,12.3,48.85228,2.214937,100.57,17.89,258.69,33,0.47,19520500,220725,12558.77477276079
2621.62,26.2,19.42,78.0,20.44,20.65,1.35,9.2,12.65,48.852272,2.21487,100.48,17.89,258.69,34,0.47,19520600,220725,12563.756989594109
2622.18,26.2,19.33,66.0,20.44,20.69,1.35,7.79,10.93,48.852272,2.21487,100.48,18.0,260.56,34,0.47,19520600,220725,12563.756989594109
2622.75,26.0,19.35,71.0,20.44,20.72,1.35,8.12,11.11,48.852264,2.214803,100.85,18.0,260.56,34,0.47,19520700,220725,12568.739207197992
2623.63,25.7,18.2,75.0,20.44,20.78,1.35,8.92,12.47,48.852257,2.214735,100.99,18.0,260.56,33,0.48,19520800,220725,12573.775052398789
2624.2,25.5,18.91,-2.0,20.44,20.81,1.35,8.7,12.03,48.852257,2.214735,100.99,17.71,257.64,33,0.48,19520800,220725,12573.775052398789
2624.76,25.4,18.66,69.0,20.44,20.84,1.35,8.13,11.32,48.852249,2.214669,101.01,17.71,257.64,33,0.48,19520900,220725,12578.685297914688
2625.32,25.3,18.62,64.0,20.44,20.87,1.35,7.8,10.83,48.852249,2.214669,101.01,17.15,260.73,33,0.48,19520900,220725,12578.685297914688
2625.89,25.3,18.49,55.0,20.44,20.9,1.35,6.12,8.91,48.852242,2.214606,101.27,17.15,260.73,32,0.49,19521000,220725,12583.360049891764
2626.57,25.3,18.38,42.0,20.44,20.91,1.35,4.72,7.02,48.852238,2.214542,101.17,17.15,260.73,33,0.48,19521100,220725,12588.063789287553
2627.66,24.8,17.77,72.0,20.44,20.96,1.35,8.18,11.49,48.85223,2.214479,101.43,17.15,260.73,34,0.47,19521200,220725,12592.758337240688
2628.23,24.7,17.95,66.0,20.44,21.0,1.35,8.03,11.16,48.85223,2.214479,101.43,16.37,261.24,34,0.47,19521200,220725,12592.758337240688
2628.79,24.4,17.95,70.0,20.44,21.03,1.35,8.37,11.45,48.852226,2.214416,101.52,16.37,261.24,34,0.47,19521300,220725,12597.389244129537
2629.64,24.2,18.12,67.0,20.44,21.07,1.35,7.98,10.76,48.852222,2.214353,101.45,16.37,261.24,33,0.48,19521400,220725,12602.020151385052
2630.2,23.8,18.44,82.0,20.44,21.11,1.35,9.47,12.39,48.852222,2.214353,101.45,16.45,268.47,33,0.48,19521400,220725,12602.020151385052
2630.76,23.6,18.48,80.0,20.44,21.14,1.35,9.4,12.24,48.852222,2.21429,101.55,16.45,268.47,33,0.48,19521500,220725,12606.629649700353
2631.65,23.4,18.36,88.0,20.44,21.19,1.35,9.07,11.88,48.852226,2.214226,101.87,16.45,268.47,34,0.47,19521600,220725,12611.333390585967
2632.58,23.1,18.2,88.0,20.44,21.24,1.35,8.97,11.73,48.85223,2.21416,102.26,16.45,268.47,34,0.47,19521700,220725,12616.18282842475
2633.63,22.7,17.79,-6.0,20.44,21.3,1.35,9.16,11.93,48.852234,2.214099,102.5,16.45,268.47,34,0.47,19521800,220725,12620.668100229741
2634.2,22.6,17.24,-1.0,20.44,21.33,1.35,9.57,12.46,48.852234,2.214099,102.5,16.04,278.93,34,0.47,19521800,220725,12620.668100229741
2634.76,22.6,18.42,88.0,20.44,21.35,1.35,7.84,10.17,48.852245,2.214039,102.85,16.04,278.93,34,0.47,19521900,220725,12625.225309261294
2635.65,22.4,18.29,88.0,20.44,21.39,1.35,7.61,9.71,48.852253,2.213977,102.94,16.04,278.93,33,0.48,19522000,220725,12629.848035602154
2636.57,22.2,18.36,87.0,20.44,21.43,1.35,7.44,9.49,48.852261,2.213913,103.41,16.04,278.93,33,0.47,19522100,220725,12634.614442674034
2637.65,22.0,18.33,87.0,20.44,21.46,1.35,6.67,8.49,48.852268,2.213848,103.83,16.04,278.93,34,0.47,19522200,220725,12639.433544980091
2638.21,21.9,18.43,87.0,20.44,21.48,1.35,6.65,8.44,48.852268,2.213848,103.83,16.8,279.83,34,0.47,19522200,220725,12639.433544980091
2638.77,21.8,18.32,87.0,20.44,21.5,1.35,6.66,8.42,48.852276,2.213784,104.0,16.8,279.83,34,0.47,19522300,220725,12644.199950673847
2639.62,21.7,18.31,88.0,20.44,21.54,1.35,6.29,7.97,48.85228,2.213722,104.51,16.8,279.83,33,0.48,19522400,220725,12648.758030096356
2640.19,21.5,18.16,88.0,20.44,21.56,1.35,6.19,7.87,48.85228,2.213722,104.51,16.72,278.32,33,0.48,19522400,220725,12648.758030096356
2640.75,21.4,17.96,88.0,20.44,21.58,1.36,6.31,7.98,48.852287,2.213658,104.91,16.72,278.32,32,0.48,19522500,220725,12653.504939457867
2641.57,21.2,18.13,88.0,20.44,21.61,1.36,6.02,7.66,48.852295,2.213596,105.31,16.72,278.32,33,0.48,19522600,220725,12658.127662064526
2642.67,21.0,17.68,88.0,20.44,21.64,1.36,6.2,7.78,48.852303,2.213535,105.55,16.72,278.32,33,0.48,19522700,220725,12662.67860667107
2643.64,20.7,17.14,88.0,20.44,21.68,1.36,6.78,8.58,48.852314,2.213472,105.89,16.72,278.32,33,0.48,19522800,220725,12667.447619463772
2644.2,20.6,17.21,88.0,20.44,21.7,1.36,6.39,8.15,48.852314,2.213472,105.89,16.13,288.1,33,0.48,19522800,220725,12667.447619463772
2644.76,20.6,17.53,88.0,20.44,21.72,1.36,5.61,7.07,48.852329,2.213413,106.12,16.13,288.1,33,0.48,19522900,220725,12672.07546264101
2645.61,20.4,17.37,88.0,20.44,21.74,1.36,5.58,7.04,48.852341,2.213356,106.47,16.13,288.1,33,0.48,19523000,220725,12676.454211310598
2646.17,20.3,17.32,-2.0,20.44,21.76,1.36,5.23,6.57,48.852341,2.213356,106.47,16.28,292.84,33,0.48,19523000,220725,12676.454211310598
2646.74,20.8,16.92,0.0,20.44,21.77,1.36,0.0,0.0,48.852356,2.213298,106.72,16.28,292.84,33,0.48,19523100,220725,12681.013879362616
2647.58,20.8,15.56,0.0,20.44,21.77,1.36,0.0,0.0,48.852367,2.213243,106.8,16.28,292.84,33,0.48,19523200,220725,12685.21981528709
2648.15,20.8,14.82,0.0,20.44,21.77,1.36,0.0,0.0,48.852367,2.213243,106.8,14.52,287.33,33,0.48,19523200,220725,12685.21981528709
2648.71,20.8,13.75,0.0,20.44,21.77,1.36,0.0,0.0,48.852379,2.213193,106.74,14.52,287.33,32,0.5,19523300,220725,12689.113884258228
2649.58,20.0,13.05,81.0,20.44,21.79,1.36,9.1,13.21,48.852386,2.21315,107.02,14.52,287.33,34,0.47,19523400,220725,12692.354894173402
2650.65,19.9,11.96,82.0,20.44,21.82,1.36,8.97,13.75,48.852398,2.213109,107.25,14.52,287.33,34,0.47,19523500,220725,12695.638092800256
2651.74,20.2,10.58,0.0,20.44,21.85,1.36,0.0,0.0,48.852406,2.213072,107.66,14.52,287.33,34,0.47,19523600,220725,12698.487655794492
2652.61,20.1,9.51,0.0,20.44,21.86,1.36,0.0,0.0,48.852413,2.213037,107.93,14.52,287.33,32,0.49,19523700,220725,12701.164158124417
2653.72,20.1,8.2,0.0,20.44,21.86,1.36,0.0,0.0,48.852421,2.213006,108.2,14.52,287.33,33,0.47,19523800,220725,12703.60051855389
2654.59,20.1,7.8,0.0,20.44,21.86,1.36,0.0,0.0,48.852428,2.212979,108.39,14.52,287.33,34,0.47,19523900,220725,12705.72382190071
